iteration (1,1) (2,1) (3,1) (4,1) (1,2) (3,2) (4,2) (1,3) (2,3) (3,3) (4,3) 
0 0.0 0.0 0.0 0.0 0.0 0.0 -1.0 0.0 0.0 0.0 1.0 
1 -0.04 -0.04 -0.04 -0.044 -0.04 -0.044 -1.0 -0.04 -0.04 0.7556 1.0 
2 -0.08000000000000002 -0.08000000000000002 -0.08360000000000001 -0.08796000000000001 -0.08000000000000002 0.4600800000000002 -1.0 -0.08000000000000002 0.5564800000000001 0.8815680000000001 1.0 
3 -0.12000000000000002 -0.12288000000000002 0.30698000000000014 0.09678800000000012 -0.12000000000000002 0.6112624000000002 -1.0 0.3851840000000001 0.7765504000000002 0.90928304 1.0 
4 -0.16000000000000006 0.18100800000000014 0.47678952000000024 0.2511104160000002 0.24414720000000004 0.6485526720000001 -1.0 0.6441734400000001 0.8427365120000001 0.9157835712 1.0 
5 0.15741856 0.37763321600000027 0.5417165008000001 0.3184842422400002 0.5241681920000001 0.6574821241600001 -1.0 0.7510233728000001 0.86117415936 0.917326569536 1.0 
6 0.43283973120000013 0.4688998438400002 0.5647241079360001 0.3436277105728002 0.66565233664 0.6596094680448 -1.0 0.790606898432 0.8660960875007999 0.9176936037580801 1.0 
7 0.5826958268160001 0.5199366302208002 0.5740440085152 0.3535979778694401 0.7256159860736001 0.6601158298109441 -1.0 0.8044991584512 0.8673741005066242 0.9177809433569025 1.0 
8 0.65075603456256 0.5845921536942079 0.58191167700512 0.3608891393910401 0.7487225239756801 0.6602363376666165 -1.0 0.8092214486479874 0.8676995747868468 0.9178017281023519 1.0 
9 0.6825128380062208 0.6229287011438182 0.5865708541867789 0.36534559728852717 0.757121663713526 0.6602650162485433 -1.0 0.8107939710656288 0.8677812974392509 0.9178066744350896 1.0 
10 0.6962414848858246 0.6415789281374232 0.5979467295534708 0.3748919433716294 0.7600595095952082 0.660271841172926 -1.0 0.8113103860174844 0.8678015990359218 0.9178078515608016 1.0 
11 0.7018296489784913 0.6497795048102776 0.6056454609208618 0.3820055630738524 0.7610602107330291 0.6602734653659339 -1.0 0.8114783389037887 0.8678066010558257 0.9178081316926735 1.0 
12 0.7040090839653002 0.6531631681342955 0.609122427136116 0.38549849801627806 0.7613947132696368 0.6602738518907322 -1.0 0.8115325860620031 0.867807825565304 0.9178081983583406 1.0 
13 0.704832995825669 0.6544990302873943 0.6105388521326003 0.3869809315077081 0.7615050115035298 0.6602739438757458 -1.0 0.8115500202087964 0.8678081237997334 0.9178082142234086 1.0 
14 0.7051372118141302 0.655009575508783 0.611088940007861 0.38756924515705965 0.7615410184677431 0.6602739657663015 -1.0 0.8115556029074407 0.8678081961386737 0.917808217998971 1.0 
15 0.7052474935064859 0.6551999099069452 0.6112962185029724 0.387793899318084 0.7615526860195011 0.660273970975807 -1.0 0.8115573858036331 0.8678082136269116 0.9178082188974778 1.0 
