iteration (1,1) (2,1) (4,1) (1,2) (2,2) (3,2) (4,2) (1,3) (2,3) (3,3) (4,3) (1,4) (2,4) (3,4) (4,4) 
0 0.0 0.0 100.0 0.0 0.0 0.0 0.0 0.0 0.0 0.0 0.0 0.0 0.0 0.0 0.0 
1 -1.0 -1.0 100.0 -1.0 -1.198 -20.0 34.64 -1.0 -1.237204 -1.489932784 12.422433308768001 -1.0 -1.244966392 -1.295006691232 3.6628722654081924 
2 -1.99 -2.068408 100.0 -2.029204 -2.867620744 -10.832573382463998 50.17259047027213 -2.036966392 -2.594652073696 1.2616114108163852 24.037428475841537 -2.038503345616 -2.51957045155168 0.45122058637770013 10.058660769637678 
3 -2.977862392 -3.227795889616 100.0 -3.177992382544 -4.050433266367168 -1.7769055848168165 58.116518520434035 -3.1276271266877442 -2.300137566871876 8.345677722845089 33.18540719964845 -3.1133695991351047 -2.2744937848495272 5.837768273622968 17.280529034014656 
4 -3.9877095062077124 -4.3459808268049995 100.0 -4.29901111239647 -3.4750132917761123 5.9672024065448035 62.79564741058775 -3.9268619416664796 0.7161362076745725 15.634683563911352 40.10416497130799 -3.9111125645078775 0.8209458868212667 12.196971474369311 24.139339178032888 
5 -5.009470129171009 -4.957617874665511 100.0 -4.923017678019127 0.6649937520471019 12.239917142397516 65.89057996878745 -3.239968137553776 5.648098025395444 22.13475362668292 45.356600214361016 -2.7323330990626333 5.525645568292442 18.418618573189367 30.16727847687948 
6 -5.904606764438976 -3.681487491740661 100.0 -3.18880199601956 5.354719483081362 17.28153569800098 68.11441373584402 -0.4767398843840799 11.013752538860354 27.676730708074146 49.414514204479886 0.45836469721330997 10.745975170419925 24.03393072098478 35.273108184573296 
7 -4.889746776511965 -1.0663346547937333 100.0 -0.03648994066524547 9.993799880147929 21.355037267995797 69.8016052184574 3.535733417233452 16.194163904152944 32.313881569547185 52.607731842253514 4.7463128107589725 15.979287186018546 28.928346805463384 39.52862531810517 
8 -2.4048884015511245 2.3241419675911024 100.0 3.8815272822559033 14.329663773753943 24.666030147112984 71.12530963563749 8.060971180991789 20.96136825440731 36.17216111362426 55.16037232574244 9.459712249866369 20.93377397499949 33.27104886143075 43.08451074152695 
9 0.9812771194322916 6.055087183155677 100.0 8.060984311726903 18.26735702926686 27.373672385836024 72.18560974810798 12.642822773414304 25.230886986889846 39.43882992251612 57.23789722590297 14.169355337845403 25.460825466630567 37.04568992742944 46.062720160733285 
10 4.784257181621096 9.830595170384148 100.0 12.187714123822719 21.777863355335505 29.623265241962677 73.05090797815939 17.015663357112057 29.012280478458518 42.20170703062824 58.95030485287309 18.62622193109547 29.49701163078255 40.26686838697683 48.55799784600954 
11 8.666533402466897 13.463407419921042 100.0 16.07821019181768 24.88543077443116 31.505442061388514 73.76623708750606 21.048332572163282 32.32000788325604 44.5280781311355 60.37231007835497 22.703948246723456 33.02585804791742 42.991206498227434 50.64866082469738 
12 12.41445418793698 16.85189459410784 100.0 19.647832214462923 27.611553307712597 33.08262635473698 74.36178990489032 24.67975740593554 35.17844628183205 46.48231258256456 61.558201484712924 26.346805472577017 36.068089924076105 45.28488535122601 52.40032477406923 
13 15.911953745405544 19.94420049875425 100.0 22.85792588419496 29.980336462834675 34.40462460327006 74.85938447378405 27.889869019816594 37.62606601227097 48.12197805847929 62.549515695143704 29.544019225351757 38.66573927944929 47.211494865195824 53.868012809117104 
14 19.100208889238186 22.719068335542556 100.0 25.698442731199066 32.022529014191676 35.512735234223754 75.27583782799479 30.68764541487602 39.70839681062967 49.49688175827076 63.37922258330046 32.31365614557247 40.86964728978413 48.82786762716554 55.09782300557614 
15 21.95517574249885 25.176048080932183 100.0 28.18035387092558 33.77242580978653 36.44151853253746 75.62465244932835 33.10044303709932 41.47208581336747 50.64942839278695 64.07412133469282 34.6902596862692 42.731688898158836 50.18316031233753 56.12835570058934 
16 24.476259969950448 27.328453180749182 100.0 30.32795553741699 35.26482105076669 37.21995668292008 75.9169137931522 35.16522401426469 42.961357015266344 51.6154349554422 64.65630603180419 36.71584893120102 44.3006289763793 51.31921646229659 56.99193090556256 
17 26.678237326444 29.197970325468624 100.0 32.172588836388336 36.53299834892462 37.87236152766157 76.16182544456527 36.92234614440597 44.216294990088386 52.425034490140895 65.1441368936902 38.434036236208776 45.62028520175316 52.27137118672013 57.715614343474684 
18 28.58503241873127 30.81066171950252 100.0 33.74815283826771 37.607619001490484 38.41912411662064 76.36706945113873 38.411665427590684 45.27225516028517 53.10352777493338 65.55293621198906 39.891021044095886 46.72900245157189 53.06934476939396 58.32207628430365 
19 30.225126983785803 32.19415018597473 100.0 35.088211776705734 38.5162279304777 38.87734307661545 76.5390734318208 39.67212330872263 46.15989509993068 53.67213719779754 65.89551898411263 41.15660971941153 47.65980472928875 53.73808590242817 58.83030873497362 
20 31.62839048001105 33.375751470938155 100.0 36.23130582406422 39.32462949507185 39.26135333849873 76.68322104002378 40.751134461624225 46.91372564315039 54.1486554960929 66.1826148377844 42.240024745086906 48.44248236750368 54.2985180646375 59.2562243116104 
21 32.82681600386313 34.397749653785716 100.0 37.27132299315685 40.11102722100042 39.583171069324955 76.80402340357575 41.68460710638702 47.56807398374233 54.54799650108541 66.42321205079352 43.163825023650496 49.103914819908894 54.76818128820908 59.613156694577356 
22 33.88066233695416 35.31623007386489 100.0 38.20853170917746 40.80500372612258 39.85286775397216 76.90526108310247 42.4951212853447 48.12554762088601 54.88265957753152 66.62484195737404 43.95205899254778 49.66220848775015 55.16177643753468 59.91227920080463 
23 34.82417680880169 36.13662213942029 100.0 39.03803732360304 41.40764745330416 40.07888439689756 76.9901024994943 43.19226360899319 48.59848194960577 55.16311999496957 66.79381576392385 44.62331811677863 50.13279745643474 55.49162379178634 60.162955116806174 
24 35.66435215549998 36.8625819423241 100.0 39.761913365062334 41.926335655194286 40.26829521839341 77.06120304304164 43.788691672570565 48.99859777048458 55.398156517303136 66.93542243798436 45.193582718161466 50.5289931728515 55.76804823822866 60.373031062866325 
25 36.40484186851402 37.49920259319745 100.0 40.3874540546311 42.36999897598771 40.42702883913844 77.1207881151939 44.2968193763208 49.3364110745468 55.595126097929764 67.05409434644868 45.676910289352655 50.86223779154801 55.9997023706237 60.54908273147223 
26 37.05127472250588 38.053045934850424 100.0 40.924232075902516 42.74776639772734 40.56005373854639 77.17072273384898 44.72827321113288 49.62117384698322 55.76019414019285 67.15354600355604 46.08570073584098 51.14232072592268 56.193837340188175 60.69662077242846 
27 37.61115448731433 38.53162477880119 100.0 41.38244984041604 43.068325620442295 40.67153372235274 77.21256987963004 45.09364740320077 49.860924359829326 55.898527481148555 67.2368903310091 46.43083868469216 51.37758161742611 56.356529853863606 60.82026330802627 
28 38.092982137698264 38.94284206430306 100.0 41.772062981319834 43.339626664120914 40.76495823189417 77.24763940224854 45.40240663593184 50.062585282531515 56.014456123124646 67.30673608674871 46.721810953553344 51.57510002857197 56.49287240448707 60.923880496419336 
29 38.50551286133092 39.294540345187905 100.0 42.10233604792761 43.56877057677687 40.84325155796282 77.27702901176706 45.66288344697928 50.23208081027368 56.11160877100601 67.36526951567143 46.96682767142352 51.740869083925574 56.60713268541813 61.01071567650073 
30 38.85725459821727 39.59419011344526 100.0 42.38164349418495 43.76199863304226 40.90886437045478 77.3016586340098 45.88233317060071 50.37445695989528 56.1930264169815 67.4143227778361 47.172949882897186 51.879951178719374 56.70288718188221 61.08348688993007 
31 39.156166519068584 39.848700386071215 100.0 42.61741048859749 43.92473465495319 40.96385042554261 77.32229920332531 46.067020386488124 50.49399658957828 56.26125752830589 67.45543129514449 47.34621885692481 51.99661531553473 56.783133123042234 61.14447195965189 
32 39.40950087714439 40.06432295268777 100.0 42.816132088214644 44.06165334066343 41.0099308499834 77.33959679281355 46.22231947028172 50.59432500761225 56.318437817898655 67.48988181077532 47.49178158740976 52.094456733183705 56.85038230069081 61.19557978862596 
33 39.62374136987195 40.24662255679925 100.0 42.983434178615916 44.176758946043066 41.048548014138746 77.35409283675364 46.352818178994674 50.67850451354514 56.366357094940064 67.51875266521961 47.61400837439596 52.176500151096256 56.90673969216758 61.23841011077203 
34 39.804603258459046 40.400490341371814 100.0 43.12415420493033 44.273465359315765 41.08091067975018 77.36624107794498 46.46241763620088 50.749117610574906 56.40651528811586 67.54294754934011 47.7166000680627 52.245288264826314 56.953969349011025 61.2743035645086 
35 39.957070685510544 40.5301835450639 100.0 43.242428590232485 44.35467261011026 41.10803183555063 77.37642177030524 46.55442506160653 50.808339383766935 56.44016939518608 67.56322379082641 47.80268394202214 52.30295721306543 56.993549614000614 61.30438365628479 
36 40.08545440130846 40.63937937937162 100.0 43.34177922293008 44.42283727169104 41.13076040497359 77.38495358122564 46.631637523152634 50.85799991666242 56.46837282849627 67.58021605937488 47.8748981269989 52.351300687017314 57.02671939507528 61.32959192762614 
37 40.19345877797055 40.7312349109364 100.0 43.425194811243585 44.480035672435555 41.14980781843465 77.39210356621541 46.696416197916115 50.899637775285626 56.49200838801233 67.59445623256019 47.93546513753782 52.391824232015225 57.0545169446162 61.350717426467796 
38 40.28425100802144 40.808447663380704 100.0 43.49520502276948 44.52801969607989 41.16577028192425 77.3980955280423 46.750751347986444 50.934545617354736 56.51181589398285 67.6063900442072 47.986255357244325 52.425791138182284 57.07781235795787 61.36842140526296 
39 40.36052816330372 40.87331371169577 100.0 43.55394662264316 44.56826544286017 41.17914743894296 77.40311702201546 46.79631861722458 50.96380894242371 56.52841534416808 67.61639103636946 48.0288414983994 52.4542611550714 57.09733480838073 61.38325801894583 
40 40.42457966873235 40.92778146011992 100.0 43.60322159267394 44.60201528480938 41.19035800991939 77.40732522668216 46.8345274499154 50.98833892009109 56.54232632048512 67.62477225162449 48.06454508585769 52.47812310770507 57.11369537107737 61.39569167061917 
41 40.47834398331537 40.97350024009575 100.0 43.64454764725764 44.63031396663414 41.19975289864228 77.41085186369732 46.86656250051273 51.008900138956875 56.55398425252111 67.63179603166662 48.09447597975238 52.498122345111305 57.127406150511014 61.40611154790636 
42 40.523459072088386 41.011863473404 100.0 43.67920178391063 44.6540394353867 41.20762617595367 77.41380732086296 46.893418896223174 51.02613402086901 56.563754046981174 67.63768222890398 48.119565878098214 52.51488382039851 57.138896309875555 61.41484380497226 
43 40.56130673817009 41.044046519615115 100.0 43.70825759753955 44.67392906372862 41.2142242845051 77.41628410739374 46.915932164303854 51.040578550100626 56.571941509688706 67.64261508809226 48.14059664913687 52.528931484508455 57.148525504398094 61.42216177152437 
44 40.59305116455093 41.07103954188792 100.0 43.732617100308254 44.69060188589393 41.219753752696654 77.41835974956186 46.934803564759086 51.05268487910907 56.57880291766012 67.64674901340774 48.15822424674585 52.540704573670595 57.156595138962004 61.4282945083476 
45 40.61967216089077 41.09367583469543 100.0 43.75303775677367 44.70457740684351 41.22438765925384 77.42009921735875 46.95062148967975 51.06283129312199 56.58455304087068 67.65021340147594 48.17299886784151 52.55057128224067 57.163357802427 61.43343397717067 
46 40.64199367007814 41.11265609891912 100.0 43.77015538815057 44.7162914823162 41.22827105079112 77.42155695813071 46.96387951059537 51.0713349454507 56.58937186480221 67.65311669163508 48.18538192253043 52.55884023672764 57.16902517395153 61.43774104928949 
47 40.660708095555066 41.12856914975517 100.0 43.784503533402 44.72610970568232 41.231525481938085 77.4227786008435 46.97499157933413 51.07846171393093 56.593410224196035 67.65554976021234 48.19576030777436 52.56577012198728 57.173774648794264 61.441350541023986 
48 40.67639698545015 41.14190951840477 100.0 43.79652978636861 44.73433867954236 41.234252820139396 77.42380238432163 46.98430481829628 51.084434475637984 56.59679452435422 67.6575887650576 48.204458404208275 52.57157775540582 57.177754890990165 61.444375433624366 
49 40.689548567809396 41.153092371031214 100.0 43.80660956199669 44.74123549729093 41.23653843422324 77.42466035416756 46.992110273694465 51.08944005124859 56.59963069777112 67.65929752937184 48.21174815339869 52.576444858120034 57.18109048670605 61.4469104097143 
50 40.70057258190531 41.16246612531976 100.0 43.8150576833973 44.74701571289598 41.23845386654392 77.42537936582605 46.998651950352986 51.093635031286304 56.60200751994254 67.66072953944699 48.217857518731314 52.580523732745824 57.18388584393109 61.44903481696624 
51 40.709812799469205 41.17032310074675 100.0 43.822138126118524 44.751860035908 41.24005907234005 77.42598192519044 47.00413439877845 51.097150663174375 56.603999388141055 67.66192961884835 48.22297758654309 52.583942023672584 57.18622846056728 61.450815151774904 
52 40.71755758013356 41.17690849606315 100.0 43.82807220696898 44.7559199529001 41.24140429640261 77.42648689306313 47.00872908386797 51.10009694975243 56.60566865013631 67.66293533144395 48.22726852425127 52.58680670780998 57.188191663214496 61.45230714067114 
53 40.72404875926717 41.18242794800995 100.0 43.83304546184566 44.75932244568055 41.2425316457947 77.42691007552035 47.01257972915091 51.102566085991484 56.607067555752096 67.66377815719679 48.23086457826813 52.589207439952006 57.18983690237762 61.45355748462647 
54 40.72948912463772 41.18705388960741 100.0 43.83721341987939 44.76217395019222 41.24347640785124 77.42726471866061 47.01580680018293 51.104635340436886 56.60823989234602 67.66448447752404 48.2338782656514 52.59121935696904 57.19121567593814 61.45460532084735 
55 40.73404870123505 41.19093089470292 100.0 43.84070644928274 44.76456367748352 41.244268154713176 77.42756192322281 47.01851126496895 51.106369470870504 56.609222355404235 67.66507640106579 48.23640388902155 52.592905428263606 57.1923711410971 61.455483447814835 
56 40.73787003106286 41.19418016773702 100.0 43.84363382298541 44.76656639900015 41.244931668969514 77.4278109920522 47.02077774746837 51.107822749334495 56.610045697152465 67.66557245571092 48.23852048364366 52.59431842583506 57.193339465245316 61.456219351914775 
57 40.74107260647652 41.19690331363985 100.0 43.84608712890172 44.76824478223751 41.24548771938101 77.42801972129011 47.02267717178189 51.109040659586086 56.61073568913611 67.66598816854138 48.24029428816638 52.59550257546587 57.194150958044354 61.456836067793425 
58 40.74375659132881 41.19918550206813 100.0 43.84814312995374 44.76965134909521 41.245953710966226 77.4281946444022 47.02426897904082 51.110061319903245 56.61131392889927 67.66633655184772 48.24178081584846 52.596494940610896 57.19483102015382 61.45735289936835 
59 40.74600594336376 41.20109812247018 100.0 43.849866162282694 44.77083011771695 41.2463442297987 77.42834123668342 47.025602985889655 51.110916675633995 56.611798516012755 67.66662851042885 48.24302659076407 52.59732658223836 57.19540093830131 61.45778602406336 
60 40.747891033548164 41.202701011363196 100.0 43.85131014598421 44.77181797886096 41.246671499567825 77.42846408664107 47.02672094239851 51.111633498721915 56.61220461861158 67.66687318292477 48.244070603103864 52.59802353088065 57.19587855158151 61.458148999180445 
61 40.74947084295211 41.20404432037868 100.0 43.85252027081403 44.772645849650665 41.24694576419448 77.42856703962038 47.02765783794419 51.112234225429766 56.61254494817499 67.66707822786653 48.244945528970824 52.59860760129011 57.196278809840386 61.45845318625899 
62 40.75079480501684 41.20517008276661 100.0 43.85353440929909 44.77333964066313 41.24717560847747 77.4286533181682 47.028442995783855 51.112737658439485 56.612830157410485 67.66725006339703 48.24567875274854 52.5990970751787 57.196614241622626 61.45870810670507 
63 40.75190435025135 41.20611352686597 100.0 43.854384301264155 44.77392106652118 41.2473682268077 77.42872562290252 47.029100990480764 51.11315955527651 56.61306917369571 67.66739406816637 48.246293223974384 52.599507273398075 57.19689534632952 61.458921739822344 
64 40.7528342012893 41.206904177300785 100.0 43.855096546702185 44.77440832529149 41.247529648360825 77.42878621704484 47.02965241683039 51.11351312145686 56.61326947851582 67.66751474968977 48.246808175491914 52.59985103546059 57.19713092286227 61.45910077257353 
65 40.75361345856046 41.2075667781321 100.0 43.855693437966615 44.77481666790714 41.24766492581747 77.42883699726163 47.03011453430911 51.11380942378028 56.613437341642474 67.66761588543797 48.247239725330395 52.600139121404354 57.19732834503779 61.45925080889004 
66 40.754266510370066 41.2081220667017 100.0 43.8561936572668 44.77515887540651 41.2477782935179 77.42887955303216 47.03050180718665 51.11405773669704 56.61357801738495 67.66770064107641 48.247601381129925 52.60038054857711 57.19749379239765 61.45937654508145 
67 40.754813795744795 41.20858742228179 100.0 43.85661286125406 44.77544565890518 41.24787330000172 77.42891521640108 47.030826357187784 51.1142658325842 56.61369590905607 67.6677716695542 48.24790446288717 52.60058287387768 57.19763244363483 61.45948191683542 
68 40.75527244383766 41.20897740976183 100.0 43.856964170966194 44.775685994806295 41.24795291908138 77.42894510367293 47.031098342857966 51.11444022501341 56.613794706800974 67.66783119414454 48.248158457244756 52.60075243028761 57.19774863869281 61.45957022240925 
69 40.755656809848155 41.20930423534182 100.0 43.857258582446015 44.77588740573205 41.24801964292578 77.42897015035379 47.03132627749855 51.114586372622036 56.6138775031029 67.66788107803572 48.248371314407535 52.60089452509541 57.19784601461079 61.45964422586914 
70 40.755978924193926 41.20957812846294 100.0 43.857505310872995 44.77605619596334 41.24807556006815 77.4289911404336 47.03151729561657 51.11470884996728 56.61394688958151 67.667922882651 48.24854969697525 52.601013606017176 57.19792761936719 61.459706243608686 
71 40.75624886896742 41.209807661908464 100.0 43.85771207897061 44.7761976487529 41.24812242077948 77.42900873092606 47.031677376225424 51.11481149071016 56.61400503811355 67.66795791652301 48.248699188477644 52.60111340041282 57.197996007284935 61.45975821685457 
72 40.75647509344366 41.210000020079775 100.0 43.857885358710696 44.776316191685 41.24816169185402 77.42902347243381 47.031811529983095 51.114897507610074 56.61405376881505 67.66798727625228 48.248824468137286 52.60119703195512 57.19805331898462 61.45980177242927 
73 40.75666467850287 41.210161223834646 100.0 43.85803057387637 44.77641553525574 41.24819460252165 77.42903582638307 47.03192395602348 51.114969593085625 56.6140946070131 67.66801188083218 48.248929457329254 52.60126711840309 57.1981013483885 61.45983827367247 
74 40.75682355823714 41.210296318919056 100.0 43.858152269820984 44.77649878901031 41.248222182924174 77.42904617946667 47.032018173388856 51.11503000348887 56.61412883099038 67.66803250041444 48.249017442321005 52.60132585354027 57.19814159887225 61.45986886311512 
75 40.75695670567201 41.21040953388601 100.0 43.85825425573513 44.776568558871695 41.24824529635999 77.42905485574808 47.032097131176265 51.11508062973073 56.614157511996815 67.66804978041574 48.24909117713396 52.60137507584204 57.19817533032237 61.45989449824205 
76 40.75706828841303 41.21050441244147 100.0 43.85833972387351 44.776627028706564 41.24826466630626 77.42906212680488 47.032163300845376 51.115123056468086 56.61418154778093 67.66806426171999 48.24915296974588 52.60141632602179 57.19820359857214 61.45991598146227 
