iteration (1,1) (2,1) (4,1) (1,2) (2,2) (3,2) (4,2) (1,3) (2,3) (3,3) (4,3) (1,4) (2,4) (3,4) (4,4) 
0 0.0 0.0 100.0 0.0 0.0 0.0 0.0 0.0 0.0 0.0 0.0 0.0 0.0 0.0 0.0 
1 -1.0 -1.0 100.0 -1.0 -1.099 -20.0 76.22 -1.0 -1.099 -1.108801 59.256468700999996 -1.0 -1.099 -1.108801 45.82135191219199 
2 -1.99 -1.9998010000000002 100.0 -1.9998010000000002 -2.890623691 38.276468701 89.535150401399 -1.9998010000000002 -2.1781595979999997 49.61072231359099 80.68969102835251 -1.9998010000000002 -2.1781595979999997 42.61236811146908 71.66117357679765 
3 -2.971070299 -3.067994436409 100.0 -3.067994436409 28.79559396178551 59.61267102835251 92.96563432154541 -2.997460491202 40.926818074378836 73.02651416929753 87.8466866972313 -2.997460491202 36.585112733445015 67.55338156679765 82.35681682342313 
4 -3.9509550856134905 21.111234415053897 100.0 21.11821727562939 52.35500265090903 66.76006171723131 94.0128439078389 33.20799483656635 65.6420706451347 81.87160674932606 90.2602834262176 30.966252185079522 62.622769355383134 79.01967276744737 86.46241694306053 
5 17.42449573591308 44.28019938446568 100.0 45.47777866619542 62.75627361297763 69.17270755319758 94.35536959464261 58.5564790052229 76.25483779933396 85.1571901253082 91.09578260055801 57.45998371730339 75.33246394013531 83.73174364528676 87.99708171788834 
6 41.127165520544274 57.15829782707427 100.0 58.57164950952924 72.04052288628246 70.00811258912903 94.47198473619339 70.88096322652893 81.03442027505946 86.36810558684911 91.39073684161848 71.36906518802655 80.7958625043714 85.53357379454903 88.56099847429314 
7 55.1190072829614 67.17154733182925 100.0 68.53009120637526 76.89454303360202 70.30305751048701 94.51272918242135 77.02927734089289 83.01488977304389 86.80929007776041 91.49588417749622 77.68175901382517 82.95985492074695 86.20225431499881 88.76630229471692 
8 65.38259714231349 73.02333838555293 100.0 74.40422644374493 79.07381381171973 70.40820392371421 94.52717237750741 79.80430526055021 83.79429094610045 86.96917563420959 91.53356144434474 80.29532546039475 83.78084585829694 86.44688298238742 88.84068600635436 
9 71.63033496070476 75.94717420016156 100.0 77.39933575164677 79.99802485717227 70.44588109922032 94.53233229419605 80.97684988930367 84.09369530312544 87.0269643080002 91.54709922648541 81.32037527939133 84.08551089703165 86.53573419878103 88.86756818768484 
10 74.91044732223001 77.2933402175972 100.0 78.71600381260157 80.3692332863457 70.45941887231811 94.5341833654849 81.44580821018263 84.20637540609053 87.04782274141525 91.5519705002862 81.70957679591689 84.19719822944367 86.56788614172582 88.87727061483834 
11 76.41124998602334 77.86918719294424 100.0 79.25451857526043 80.51312912893397 70.46429014522364 94.53484887756015 81.62689476337026 84.24819801968027 87.05534608863466 91.55372465333082 81.85449168208882 84.23786005291012 86.57949831775767 88.880770049765 
12 77.04334199232406 78.10273865945726 100.0 79.4654977753045 80.56762183571905 70.46604429817963 94.53508842439824 81.69525178786871 84.26357680917293 87.0580586444158 91.55435657860033 81.9078097654306 84.25260491701029 86.58368801866906 88.88203175902645 
13 77.29613622256751 78.19404510720994 100.0 79.54591825748335 80.5879371258756 70.46667622344034 94.53517470013601 81.72067190713344 84.269196108623 87.05903647022029 91.55458427434097 81.927282779856 84.25793921232359 86.58519887754898 88.88248657829901 
14 77.3938952115748 78.22885229525316 100.0 79.57602383340222 80.59543062365682 70.46690391918011 94.53520578331228 81.73003067274198 84.27124049817652 87.05938892215421 91.55466632683635 81.93436188796748 84.25986630235829 86.58574356218342 88.88265051476216 
15 77.43086287923053 78.24189285621007 100.0 79.58715828406048 80.59817463267662 70.46698597167543 94.53521698374378 81.73345297158657 84.27198207891459 87.05951595470643 91.55469589699781 81.93692778256363 84.26056189099529 86.58593989986372 88.88270960147024 
16 77.44463217878452 78.24672028754433 100.0 79.59124271225353 80.59917444620933 70.46701554183689 94.53522102003248 81.73469868548725 84.27225053351074 87.05956173915064 91.55470655384443 81.93785603800531 84.26081283071817 86.58601066662685 88.8827308971864 
17 77.44970812227136 78.24849257396956 100.0 79.59273265759373 80.59953749428415 70.46702619868348 94.53522247465288 81.73515070340483 84.27234757958253 87.0595782403105 91.55471039454642 81.9381914293284 84.26090332858821 86.58603617235843 88.8827385723657 
18 77.45156613374209 78.2491395075365 100.0 79.59327410213255 80.59966901281015 70.46703003938548 94.5352229988898 81.73531437064399 84.27238262812436 87.0595841874434 91.55471177873771 81.93831251043913 84.26093595822243 86.58604536493401 88.88274133855293 
19 77.45224294737557 78.24937472118194 100.0 79.59347034992936 80.59971658001665 70.46703142357677 94.53522318782417 81.73537354465097 84.27239527774086 87.05958633082282 91.55471227760322 81.9383561983661 84.2609477213881 86.58604867801385 88.88274233550186 
20 77.45248866633125 78.24946000673698 100.0 79.59354135342822 80.59973376489425 70.4670319224423 94.53522325591639 81.73539491759838 84.27239984115363 87.05958710330691 91.5547124573959 81.93837195581986 84.2609519616786 86.58604987206823 88.88274269480699 
