iteration (1,1) (2,1) (4,1) (1,2) (2,2) (3,2) (4,2) (1,3) (2,3) (3,3) (4,3) (1,4) (2,4) (3,4) (4,4) 
0 0.0 0.0 100.0 0.0 0.0 0.0 0.0 0.0 0.0 0.0 0.0 0.0 0.0 0.0 0.0 
1 -1.0 -1.0 100.0 -1.0 -1.075 -20.0 57.5 -1.0 -1.075 -1.080625 33.418953125 -1.0 -1.075 -1.080625 18.970325000000003 
2 -1.75 -1.755625 100.0 -1.755625 -2.265671875 12.918953125000002 64.281421484375 -1.755625 -1.8577187499999999 19.939246484375 41.57071786132813 -1.755625 -1.8577187499999999 12.246993359375 26.283729593750007 
3 -2.3129218750000002 -2.3549722656250003 100.0 -2.3549722656250003 6.435420048828126 21.033217861328133 65.39859795092774 -2.32437578125 11.306875488037111 26.438446558349618 43.33984610203247 -2.32437578125 7.056882770977785 17.671645750079353 28.30056081200668 
4 -2.7378451855468753 2.4792907204589856 100.0 2.4815854567871103 12.653893182434086 22.799533602032476 65.61485986647202 5.795916018487551 16.34137613151566 28.039246112627865 43.72234783598274 3.494495180379487 11.357856867734622 19.40865337690705 28.81159976575817 
5 0.4695596891906746 6.813499690184177 100.0 7.062246587536318 14.416335847846973 23.181824398482746 65.6597513198716 9.59658131150308 17.75661212124534 28.427694534743875 43.807103969727464 6.7965448575319645 12.828777200317727 19.874685952828727 28.935733810730497 
6 3.7835774059749046 8.444582290920117 100.0 8.653313412519033 14.874184220002057 23.26656471191496 65.669473702384 10.812706643001029 18.13433882737031 28.519856181692255 43.82620623278687 8.017960182730612 13.24704527377384 19.991030946527374 28.965231096466464 
7 5.109100024778547 8.941036705678636 100.0 9.118646032084703 14.990591992127644 23.28566578845094 65.67163546181263 11.165848762533336 18.229736503957966 28.541475994795498 43.830557444156256 8.387012835159101 13.35537720124631 20.019076678479095 28.97215754961467 
8 5.52494787403511 9.079304038755117 100.0 9.24616494301922 15.019577513774045 23.290016910831056 65.67212392794828 11.260330235738152 18.253007200503824 28.546516485692017 43.831554901507594 8.48677705106508 13.382074837218717 20.025714017081636 28.97377330840678 
9 5.643017859270799 9.115920650616372 100.0 9.279497615390099 15.02667973533265 23.291014361508203 65.67223537170923 11.284274920286432 18.258566484356564 28.547687569298798 43.83178440833603 8.512073800182595 13.388476509367127 20.0272691040226 28.974148825933817 
10 5.674618957475598 9.125298311806487 100.0 9.287924882031742 15.028398476617152 23.291243867836073 65.67226094296589 11.290139791780014 18.2598781655281 28.54795911789101 43.83183733024657 8.518251925017474 13.389988063030705 20.02763141220381 28.974235916008265 
11 5.682748724415202 9.12764261368692 100.0 9.290005724684933 15.028810379142772 23.291296789709072 65.67226682995062 11.291546223044541 18.26018535389762 28.54802201329141 43.831849548735725 8.519727698923075 13.39034185359191 20.0277155565171 28.974256089680843 
12 5.684782785168618 9.12821813239983 100.0 9.290510903101652 15.028908335297753 23.291309008195412 65.67226818786094 11.291879107490427 18.26025697214157 28.548036571594878 43.831852371741356 8.520075622636158 13.390424245840272 20.027735063416905 28.974260759527144 
13 5.685281610678625 9.128357481909536 100.0 9.290632055041332 15.028931488971082 23.291311831200836 65.67226850142964 11.291957259110752 18.26027362306778 28.548039940141145 43.83185302424898 8.520157013635181 13.390443378218247 20.02773958098314 28.97426184008766 
14 5.685402164968911 9.128390866898535 100.0 9.290660850188624 15.028936935467975 23.291312483708438 65.67226857388535 11.291975513627454 18.260277487611155 28.548040719401257 43.831853175104975 8.520175966475646 13.390447813527093 20.027740626581426 28.974262090063167 
