iteration (1,1) (2,1) (4,1) (1,2) (2,2) (3,2) (4,2) (1,3) (2,3) (3,3) (4,3) (1,4) (2,4) (3,4) (4,4) 
0 0.0 0.0 100.0 0.0 0.0 0.0 0.0 0.0 0.0 0.0 0.0 0.0 0.0 0.0 0.0 
1 -10.0 -10.0 100.0 -10.0 -10.99 -1.0 69.101 -10.0 -10.99 -10.099 43.728190999999995 -10.0 -10.99 -10.999801 23.543746972999998 
2 -19.9 -19.99801 100.0 -19.99801 -13.85981299 52.629191 81.25128890900001 -19.99801 -20.45853948601 33.98601477188502 62.044727187344634 -19.99801 -21.772863289 17.092241184048934 43.1623867599248 
3 -29.710702989999998 -25.89813447409 100.0 -25.89813447409 27.093008549950106 71.92592618734463 84.36454429453812 -29.843622319114992 17.443618080166996 54.834679721860596 68.38778036528552 -29.973740375611 3.108459742092288 38.009880143413284 52.1991764727366 
4 -36.01659741242419 5.3281043147955796 100.0 4.937501018138104 49.21973405747824 78.36601906628552 85.31032577272154 1.3367578231024453 38.60955752587108 62.65862355172263 70.53937199977928 -10.373161156961254 24.233908783111694 47.19250529329331 55.706959118662155 
5 -8.856971925716223 28.63267148004163 100.0 28.237528177364005 58.72286777208349 80.52721763117827 85.61791679698608 22.34734189550977 47.83835073192865 65.49695091433227 71.27698607171001 10.378699649340767 34.51161788427729 50.80522424744217 56.996079122038665 
6 14.595750881106103 40.78812508924375 100.0 40.1658774603751 62.55157747018926 81.26578278921852 85.72148625903426 32.89188691354936 51.48284146424336 66.51572289512045 71.53289530487136 21.61698943407374 38.75118907947774 52.15943208488552 57.46044869094361 
7 27.725596276487686 46.323707771597306 100.0 45.54198019220357 64.0453483434093 81.52178617990471 85.75708397145496 37.4231484326822 52.85730973780121 66.8798849537091 71.6224757509918 26.53591539975521 40.37951159413995 52.655024951560875 57.62643268539344 
8 33.941866625505504 48.67020775329335 100.0 47.78905237874075 64.61647888610288 81.61137594762009 85.76947753198843 39.22116112240967 53.36347194088164 67.00981857201059 71.65402334331208 28.49052375825317 40.983335131603354 52.83414332291507 57.685583512725714 
9 36.638165522028714 49.62178023205038 100.0 48.68632461559289 64.83174971563538 81.64292446277827 85.7738277974819 39.904377766189015 53.54746970890902 67.05614398669027 71.66517818127589 29.22989667514964 41.20319119095946 52.89845473312353 57.70664090590958 
10 37.747574467408434 49.996311890029645 100.0 49.034289045909375 64.91203055281532 81.65407939210304 85.77536281176891 40.157750395840786 53.6138729900924 67.07265694451107 71.66913302437389 29.50230448326794 41.28246550255797 52.92146583449106 57.71413592260379 
11 38.18848350472195 50.14062294191015 100.0 49.166605353985446 64.94172597581387 81.65803424424578 85.77590630854546 40.25040948204128 53.63773925641158 67.07854347724043 71.67053777002782 29.601231360591527 41.31090121205491 52.929685110305634 57.716804196120066 
12 38.35952716700488 50.195361833627175 100.0 49.21623070110016 64.9526401293565 81.65943899079514 85.77609918463472 40.28401823518545 53.64629702677416 67.08064232559315 71.67103738369715 29.636873469929412 41.321073233006146 52.93261858735327 57.717754463451996 
13 38.424726601175124 50.215879737495776 100.0 49.23465672125004 64.95663118037247 81.65993860455312 85.7761677411296 40.2961487341319 53.64936145879426 67.08139086021272 71.67121524712172 29.64965919874294 41.324706955672035 52.93366524178177 57.718093026538554 
14 38.44925570101675 50.223500303267734 100.0 49.24144693393471 64.95808468925021 81.66011646798647 85.77619213670249 40.30051378250015 53.65045793413579 67.08165788758977 71.67127861260481 29.654235034035317 41.32600419558214 52.934038671961055 57.71821369933447 
15 38.458391801048236 50.22631039221345 100.0 49.243934726657464 64.95861230695387 81.66017983347042 85.77620082504711 40.302081490144126 53.650850080722165 67.08175316874795 71.67130119979124 29.655870658794832 41.32646720154729 52.93417191883568 57.71825672643351 
16 38.46176815687592 50.227340723467314 100.0 49.24484206216245 64.95880331772334 81.66020242065694 85.77620392132471 40.302643823306724 53.650990291056175 67.0817871747542 71.67130925476917 29.656454957353503 41.3266324514856 52.93421947101931 57.718272073325025 
17 38.46300826467091 50.22771677746257 100.0 49.24517178434667 64.95887231694367 81.66021047563488 85.776205025299 40.30284535794482 53.65104041447982 67.08179931395847 71.67131212834086 29.65666363279113 41.32669143477788 52.934236443957296 57.71827754885692 
18 38.4634615126031 50.227853525735895 100.0 49.24529125520363 64.95889719678418 81.66021334920656 85.77620541907605 40.3029175421795 53.65105833117975 67.08180364806414 71.67131315377233 29.656738152666172 41.32671249044398 52.93424250315759 57.71827950293712 
19 38.4636265163957 50.2279031040241 100.0 49.24533444165202 64.95890615465677 81.66021437463803 85.77620555957769 40.30294338513187 53.65106473513178 67.08180519571482 71.67131351978477 29.656764764673646 41.32672000783282 52.93424466657236 57.71828020045099 
